1.0 1.0 800.0 1.0
800.0 0.0 800.0 800.0
800.0 800.0 1.0 800.0
1.0 800.0 1.0 1.0
106.0 431.0 98.0 182.0
93.0 185.0 304.0 38.0
292.0 32.0 631.0 91.0
164.0 223.0 172.0 455.0
163.0 224.0 310.0 110.0
311.0 111.0 610.0 160.0
629.0 91.0 770.0 220.0
609.0 161.0 650.0 227.0
770.0 221.0 766.0 324.0
767.0 322.0 520.0 435.0
652.0 228.0 518.0 343.0
522.0 342.0 350.0 219.0
353.0 218.0 232.0 322.0
232.0 320.0 232.0 320.0
519.0 434.0 342.0 299.0
345.0 299.0 288.0 364.0
231.0 320.0 226.0 452.0
289.0 360.0 287.0 455.0
224.0 449.0 225.0 570.0
288.0 453.0 288.0 544.0
223.0 567.0 280.0 627.0
288.0 541.0 350.0 574.0
280.0 629.0 645.0 639.0
341.0 573.0 646.0 574.0
640.0 571.0 742.0 607.0
742.0 607.0 747.0 753.0
754.0 749.0 641.0 777.0
650.0 771.0 130.0 741.0
632.0 636.0 656.0 666.0
656.0 665.0 651.0 695.0
651.0 695.0 605.0 716.0
605.0 716.0 186.0 663.0
188.0 662.0 172.0 454.0
106.0 424.0 131.0 739.0
