40.0 468.0 41.0 285.0
40.0 285.0 83.0 53.0
85.0 53.0 220.0 9.0
222.0 6.0 564.0 19.0
564.0 19.0 683.0 63.0
688.0 70.0 730.0 153.0
732.0 162.0 750.0 364.0
750.0 362.0 741.0 610.0
741.0 609.0 708.0 767.0
708.0 767.0 407.0 797.0
407.0 797.0 112.0 734.0
114.0 733.0 42.0 491.0
44.0 495.0 38.0 455.0
198.0 121.0 188.0 124.0
188.0 124.0 168.0 154.0
168.0 154.0 153.0 195.0
153.0 199.0 146.0 239.0
198.0 120.0 224.0 118.0
229.0 116.0 283.0 108.0
300.0 108.0 335.0 109.0
277.0 109.0 516.0 112.0
516.0 112.0 554.0 129.0
557.0 137.0 580.0 173.0
548.0 127.0 573.0 154.0
585.0 174.0 632.0 240.0
632.0 240.0 635.0 357.0
634.0 354.0 621.0 663.0
621.0 663.0 543.0 703.0
543.0 703.0 194.0 627.0
198.0 627.0 152.0 477.0
152.0 477.0 147.0 240.0
